64 64 0 0 -1 0 0 0 0 -1 0 0 0 0 0 -1 0 1 0 0 0 0 0 1 0 0 0 0 0 0 0 1 0 0 0 0 1 0 0 0 1 -1 -1 0 0 0 0 0 0 0 0 0 0 0 0 0 -1 0 0 -1 0 0 1 -1 0 0 0 0 0 0 0 1 0 0 0 0 0 0 0 1 1 -1 0 0 0 0 0 0 0 0 0 0 0 0 0 0 0 0 0 0 0 0 1 1 0 0 -1 0 0 0 0 0 0 0 0 0 0 0 0 0 -1 1 1 0 0 0 0 0 1 0 1 -1 0 0 0 -1 0 -1 1 0 0 -1 0 0 0 0 0 1 0 0 0 0 0 0 0 0 0 -1 0 0 0 0 0 0 0 0 0 0 0 0 0 1 0 0 0 0 -1 0 1 0 0 -1 1 -1 0 0 0 0 0 0 0 0 0 0 0 0 0 1 1 0 0 1 1 0 0 0 0 -1 0 0 0 0 0 0 0 -1 0 0 0 0 0 0 0 0 0 0 0 0 -1 1 1 0 0 0 0 0 0 1 1 0 0 0 0 0 1 0 0 0 0 0 0 0 0 0 0 0 0 0 0 0 0 0 0 0 0 0 1 0 0 0 0 0 0 0 0 -1 0 0 0 -1 0 0 0 0 0 0 0 0 0 0 0 0 0 0 1 -1 0 -1 0 -1 -1 0 0 0 1 1 0 0 0 0 -1 0 0 0 0 1 -1 0 1 0 0 -1 0 0 0 0 0 -1 0 0 0 0 0 0 0 0 0 0 0 0 0 0 0 0 1 0 0 1 -1 0 0 0 0 0 0 0 0 0 0 1 -1 0 0 0 0 0 0 -1 -1 0 0 0 1 0 0 0 0 -1 0 1 1 -1 0 0 0 0 0 0 0 0 1 0 0 0 0 0 0 0 0 0 0 0 0 0 1 0 0 -1 0 1 0 0 0 0 0 0 0 0 0 0 0 0 0 0 1 0 0 1 0 1 0 -1 -1 0 0 0 -1 0 0 1 0 1 0 0 0 0 1 -1 0 0 0 0 0 0 0 0 0 0 0 0 0 0 0 0 0 1 0 0 0 0 0 0 0 0 -1 0 0 0 0 1 0 0 0 0 0 0 0 0 0 0 -1 0 0 0 0 0 0 0 0 0 0 0 0 1 1 0 1 0 -1 0 0 0 0 0 -1 0 0 1 0 1 0 0 0 0 0 0 1 0 0 -1 0 -1 0 0 -1 0 0 0 -1 0 -1 0 0 0 0 0 0 0 -1 0 0 0 0 0 0 0 0 0 1 0 0 1 -1 0 0 0 0 0 0 0 0 0 0 -1 0 0 0 0 0 1 0 0 0 0 0 0 0 0 0 -1 0 0 0 0 0 0 0 0 0 0 0 1 -1 0 0 0 -1 0 0 0 0 0 0 1 0 0 -1 0 0 0 0 0 -1 0 0 -1 0 0 0 0 0 0 0 0 0 0 0 0 1 0 0 0 0 0 0 0 0 0 0 0 0 0 0 0 0 0 0 0 1 0 0 0 0 0 0 -1 0 0 -1 0 0 1 0 0 0 0 0 0 0 0 0 1 -1 0 -1 0 0 0 1 0 1 0 0 -1 1 0 0 -1 0 -1 0 0 0 0 1 0 0 0 1 0 0 0 0 0 0 0 0 0 0 0 0 0 0 1 0 1 0 0 0 0 0 0 0 0 0 0 -1 0 0 0 0 0 0 -1 0 0 1 -1 0 0 -1 0 0 -1 0 -1 0 0 0 0 0 0 0 0 0 0 -1 0 0 -1 1 0 -1 0 1 0 1 0 0 0 0 0 0 -1 1 0 -1 0 0 0 0 1 0 0 0 0 0 0 0 0 0 0 -1 0 0 1 0 0 -1 0 -1 1 0 0 0 0 -1 0 0 0 1 0 0 0 0 0 0 1 -1 0 1 0 0 1 0 0 1 0 0 0 0 -1 -1 0 0 -1 -1 0 0 -1 0 0 0 0 0 0 0 0 0 0 0 1 0 0 0 0 0 0 0 0 0 -1 0 1 0 -1 -1 0 0 0 0 0 0 0 0 0 0 0 0 1 0 0 0 1 0 0 0 0 0 0 0 -1 0 0 0 0 0 -1 0 0 0 0 0 0 0 1 -1 0 0 0 0 0 0 0 0 0 0 0 0 0 0 0 0 0 0 0 0 0 0 0 0 0 0 0 -1 0 0 0 0 0 0 0 0 0 0 0 0 0 0 0 0 0 0 0 1 0 1 0 1 0 0 0 0 0 0 -1 0 1 0 0 0 0 1 0 0 0 -1 0 0 1 0 0 0 0 0 0 0 0 0 0 0 0 0 0 -1 0 0 1 0 0 1 1 0 1 1 0 0 0 0 0 0 0 0 -1 0 0 0 0 -1 0 1 0 -1 0 0 0 0 0 0 -1 0 -1 0 0 0 0 0 -1 1 1 -1 0 0 0 0 0 1 0 0 1 1 0 0 0 0 0 0 0 0 0 0 0 0 1 0 0 0 0 0 0 0 -1 0 0 0 0 -1 0 0 0 0 1 0 0 0 0 0 0 0 0 0 0 0 0 0 1 0 1 0 0 0 0 1 0 -1 0 0 0 0 1 0 -1 0 1 0 0 -1 0 -1 0 0 0 0 0 0 0 1 0 -1 0 0 -1 0 -1 1 0 -1 -1 -1 0 0 0 0 0 0 1 0 1 0 -1 0 0 -1 0 0 0 0 0 0 0 1 0 0 1 0 0 0 0 0 0 0 0 0 0 0 -1 0 0 0 0 0 0 -1 0 0 0 0 -1 0 0 0 0 0 0 -1 0 0 0 1 1 0 0 0 0 0 0 0 0 0 0 0 0 1 1 0 0 0 -1 0 0 0 0 1 0 0 0 0 1 0 0 0 0 0 0 1 1 0 1 0 0 0 0 0 0 0 0 0 0 0 0 0 -1 -1 0 -1 0 0 0 0 0 0 0 0 -1 0 0 0 0 0 0 0 -1 0 0 1 0 0 -1 0 -1 0 0 0 0 0 0 0 0 0 0 0 0 1 0 0 0 0 1 0 0 0 1 0 -1 -1 0 1 0 0 0 0 -1 0 0 0 0 0 0 0 0 0 -1 0 0 -1 0 0 -1 0 -1 0 0 0 -1 1 0 0 0 0 0 0 0 -1 0 0 0 -1 0 0 0 0 1 1 0 0 0 0 0 0 0 0 0 0 0 0 1 -1 0 1 0 0 0 0 0 0 1 -1 0 0 0 0 0 -1 0 0 1 1 0 0 0 0 0 0 0 0 0 0 0 0 1 -1 0 0 -1 0 0 0 -1 0 0 -1 0 0 0 0 0 0 0 0 0 1 1 1 0 1 -1 0 0 0 0 0 1 0 0 0 0 0 0 0 -1 0 0 0 0 1 0 0 -1 1 0 -1 0 -1 0 1 -1 0 0 0 0 0 0 0 0 0 1 0 0 0 0 0 -1 0 0 0 0 0 0 0 0 0 0 0 0 -1 0 0 0 -1 0 0 1 0 0 1 -1 0 0 -1 0 0 0 -1 1 0 0 1 0 0 0 0 0 0 0 0 1 0 -1 0 1 0 0 1 0 0 -1 0 0 0 0 1 0 -1 0 0 0 0 -1 0 -1 0 0 0 0 0 0 0 0 -1 0 0 0 1 0 0 0 0 0 0 0 0 0 0 0 0 0 0 0 0 0 0 0 0 0 -1 0 0 0 0 -1 0 0 0 0 0 1 0 0 0 0 0 -1 0 0 0 0 0 1 0 0 -1 0 0 0 1 0 0 0 0 0 0 0 0 0 0 0 0 0 0 1 0 0 0 0 -1 0 0 0 0 0 0 0 0 0 0 0 0 0 0 0 0 0 0 0 0 0 0 0 0 -1 0 0 0 0 0 0 -1 0 0 0 0 0 0 0 0 0 0 -1 0 1 0 -1 -1 -1 0 0 0 -1 0 0 1 0 0 0 0 -1 0 -1 0 0 0 0 0 1 0 0 1 0 0 0 0 0 0 0 0 0 0 0 0 0 0 0 0 0 0 0 0 0 0 0 0 0 0 0 0 0 0 0 0 0 0 0 1 0 0 0 0 0 0 0 0 0 0 0 0 1 0 0 0 0 0 0 0 0 0 0 0 0 -1 0 0 1 0 0 0 0 0 0 -1 0 0 1 1 0 0 0 0 0 0 0 0 -1 0 0 0 0 0 0 0 0 0 0 0 1 0 0 0 0 1 0 0 0 0 0 -1 0 0 -1 1 0 0 -1 1 0 0 1 0 -1 0 0 0 0 -1 0 0 0 1 -1 -1 0 1 0 0 0 0 -1 -1 0 1 -1 0 0 0 0 0 0 0 0 0 0 0 0 0 0 0 1 0 0 0 0 0 0 0 0 0 0 0 0 1 -1 0 0 -1 0 0 0 0 1 0 0 0 0 0 0 0 0 0 0 0 1 0 0 0 0 -1 1 0 0 0 0 0 0 1 0 0 0 0 0 0 0 0 0 0 0 0 -1 0 0 0 -1 0 0 0 0 0 1 0 0 0 1 0 1 0 0 0 0 -1 0 0 0 0 0 1 0 0 0 1 0 -1 0 0 1 -1 0 0 0 0 0 0 1 0 0 0 0 -1 0 -1 0 -1 0 0 0 -1 0 0 -1 0 0 0 0 0 0 0 0 0 0 0 0 0 0 0 0 -1 0 0 0 0 0 0 0 0 0 0 0 0 0 0 -1 0 0 0 0 0 0 0 0 0 0 0 0 0 0 0 0 0 0 0 1 0 0 0 0 0 0 0 0 0 0 0 0 1 0 0 0 0 0 0 0 0 0 0 0 0 0 0 0 0 0 0 -1 0 0 0 0 0 0 0 0 0 0 0 0 0 0 -1 1 1 0 0 0 0 0 0 0 0 0 0 -1 0 0 1 -1 0 -1 -1 -1 0 -1 0 0 0 0 0 0 0 0 0 0 0 0 0 0 0 0 -1 0 0 0 1 0 0 0 0 1 0 0 0 0 0 0 1 0 0 0 0 0 0 0 0 0 0 0 0 0 0 0 0 0 -1 0 0 0 0 0 0 0 0 0 0 0 0 0 0 1 0 0 0 -1 -1 0 0 0 0 0 0 0 0 0 0 0 1 0 0 0 0 0 0 0 0 0 0 0 0 0 -1 0 0 0 0 -1 0 -1 0 0 0 0 0 1 0 0 0 0 0 0 1 0 0 0 0 0 0 1 0 -1 1 0 0 0 0 0 0 0 1 0 0 0 0 0 1 -1 0 1 0 1 0 0 0 0 0 1 0 -1 0 0 0 -1 0 0 0 0 0 0 1 0 0 0 0 0 0 -1 0 0 0 0 0 1 0 0 0 0 0 0 0 1 0 0 0 0 0 0 0 0 0 0 0 0 1 0 0 0 0 0 0 0 0 0 0 0 -1 0 0 0 0 0 -1 0 0 0 0 1 0 0 0 -1 0 0 -1 0 0 0 -1 0 0 0 0 0 1 0 1 0 0 1 0 0 0 0 0 0 0 0 0 1 1 1 0 0 0 0 -1 0 0 0 -1 0 0 0 0 0 0 0 0 0 0 0 0 0 0 0 0 0 0 0 0 0 0 -1 0 0 0 0 0 0 0 -1 1 0 0 0 0 -1 0 0 -1 0 0 0 0 0 0 0 0 0 1 -1 -1 0 0 0 0 0 -1 0 0 0 0 0 0 0 1 0 0 1 0 0 0 0 0 0 1 -1 0 0 0 0 0 1 0 0 0 0 -1 1 0 1 0 0 0 0 0 0 0 0 0 0 1 0 0 1 0 0 0 0 0 0 0 -1 0 0 0 0 0 0 0 0 0 -1 0 0 0 0 0 0 0 0 1 0 0 0 0 -1 0 0 0 0 1 0 0 0 0 0 1 0 0 0 0 -1 0 0 0 0 0 0 0 0 1 0 0 0 0 0 0 0 0 0 0 0 0 0 0 0 0 0 0 1 0 -1 0 0 1 0 0 0
1 1 0
1 2 0
2 2 -1
3 2 0
4 2 0
5 2 0
6 2 0
7 2 -1
8 2 0
9 2 0
10 2 0
11 2 0
12 2 0
13 2 -1
14 2 0
15 2 1
16 2 0
17 2 0
18 2 0
19 2 0
20 2 0
21 2 1
22 2 0
23 2 0
24 2 0
25 2 0
26 2 0
27 2 0
28 2 0
29 2 1
30 2 0
31 2 0
32 2 0
33 2 0
34 2 1
35 2 0
36 2 0
37 2 0
38 2 1
39 2 -1
40 2 -1
41 2 0
42 2 0
43 2 0
44 2 0
45 2 0
46 2 0
47 2 0
48 2 0
49 2 0
50 2 0
51 2 0
52 2 0
53 2 0
54 2 -1
55 2 0
56 2 0
57 2 -1
58 2 0
59 2 0
60 2 1
61 2 -1
62 2 0
63 2 0
0 2 0
0 1 0
63 1 0
62 1 0
61 1 0
60 1 1
59 1 0
58 1 0
57 1 0
56 1 0
55 1 0
54 1 0
53 1 0
52 1 1
51 1 1
50 1 -1
49 1 0
48 1 0
47 1 0
46 1 0
45 1 0
44 1 0
43 1 0
42 1 0
41 1 0
40 1 0
39 1 0
38 1 0
37 1 0
36 1 0
35 1 0
34 1 0
33 1 0
32 1 0
31 1 0
30 1 0
29 1 1
28 1 1
27 1 0
26 1 0
25 1 -1
24 1 0
23 1 0
22 1 0
21 1 0
20 1 0
19 1 0
18 1 0
17 1 0
16 1 0
15 1 0
14 1 0
13 1 0
12 1 0
11 1 -1
10 1 1
9 1 1
8 1 0
7 1 0
6 1 0
5 1 0
4 1 0
3 1 1
2 1 0
2 0 1
3 0 -1
4 0 0
5 0 0
6 0 0
7 0 -1
8 0 0
9 0 -1
10 0 1
11 0 0
12 0 0
13 0 -1
14 0 0
15 0 0
16 0 0
17 0 0
18 0 0
19 0 1
20 0 0
21 0 0
22 0 0
23 0 0
24 0 0
25 0 0
26 0 0
27 0 0
28 0 0
29 0 -1
30 0 0
31 0 0
32 0 0
33 0 0
34 0 0
35 0 0
36 0 0
37 0 0
38 0 0
39 0 0
40 0 0
41 0 0
42 0 0
43 0 1
44 0 0
45 0 0
46 0 0
47 0 0
48 0 -1
49 0 0
50 0 1
51 0 0
52 0 0
53 0 -1
54 0 1
55 0 -1
56 0 0
57 0 0
58 0 0
59 0 0
60 0 0
61 0 0
62 0 0
63 0 0
0 0 0
1 0 0
1 63 0
2 63 0
3 63 0
4 63 1
5 63 1
6 63 0
7 63 0
8 63 1
9 63 1
10 63 0
11 63 0
12 63 0
13 63 0
14 63 -1
15 63 0
16 63 0
17 63 0
18 63 0
19 63 0
20 63 0
21 63 0
22 63 -1
23 63 0
24 63 0
25 63 0
26 63 0
27 63 0
28 63 0
29 63 0
30 63 0
31 63 0
32 63 0
33 63 0
34 63 0
35 63 -1
36 63 1
37 63 1
38 63 0
39 63 0
40 63 0
41 63 0
42 63 0
43 63 0
44 63 1
45 63 1
46 63 0
47 63 0
48 63 0
49 63 0
50 63 0
51 63 1
52 63 0
53 63 0
54 63 0
55 63 0
56 63 0
57 63 0
58 63 0
59 63 0
60 63 0
61 63 0
62 63 0
63 63 0
0 63 0
0 62 0
1 62 0
2 62 0
3 62 0
4 62 0
5 62 0
6 62 0
7 62 0
8 62 1
9 62 0
10 62 0
11 62 0
12 62 0
13 62 0
14 62 0
15 62 0
16 62 0
17 62 -1
18 62 0
19 62 0
20 62 0
21 62 -1
22 62 0
23 62 0
24 62 0
25 62 0
26 62 0
27 62 0
28 62 0
29 62 0
30 62 0
31 62 0
32 62 0
33 62 0
34 62 0
35 62 0
36 62 1
37 62 -1
38 62 0
39 62 -1
40 62 0
41 62 -1
42 62 -1
43 62 0
44 62 0
45 62 0
46 62 1
47 62 1
48 62 0
49 62 0
50 62 0
51 62 0
52 62 -1
53 62 0
54 62 0
55 62 0
56 62 0
57 62 1
58 62 -1
59 62 0
60 62 1
61 62 0
62 62 0
63 62 -1
63 61 0
0 61 0
1 61 0
2 61 0
3 61 0
4 61 -1
5 61 0
6 61 0
7 61 0
8 61 0
9 61 0
10 61 0
11 61 0
12 61 0
13 61 0
14 61 0
15 61 0
16 61 0
17 61 0
18 61 0
19 61 0
20 61 0
21 61 1
22 61 0
23 61 0
24 61 1
25 61 -1
26 61 0
27 61 0
28 61 0
29 61 0
30 61 0
31 61 0
32 61 0
33 61 0
34 61 0
35 61 0
36 61 1
37 61 -1
38 61 0
39 61 0
40 61 0
41 61 0
42 61 0
43 61 0
44 61 -1
45 61 -1
46 61 0
47 61 0
48 61 0
49 61 1
50 61 0
51 61 0
52 61 0
53 61 0
54 61 -1
55 61 0
56 61 1
57 61 1
58 61 -1
59 61 0
60 61 0
61 61 0
62 61 0
62 60 0
63 60 0
0 60 0
1 60 0
2 60 1
3 60 0
4 60 0
5 60 0
6 60 0
7 60 0
8 60 0
9 60 0
10 60 0
11 60 0
12 60 0
13 60 0
14 60 0
15 60 0
16 60 1
17 60 0
18 60 0
19 60 -1
20 60 0
21 60 1
22 60 0
23 60 0
24 60 0
25 60 0
26 60 0
27 60 0
28 60 0
29 60 0
30 60 0
31 60 0
32 60 0
33 60 0
34 60 0
35 60 0
36 60 1
37 60 0
38 60 0
39 60 1
40 60 0
41 60 1
42 60 0
43 60 -1
44 60 -1
45 60 0
46 60 0
47 60 0
48 60 -1
49 60 0
50 60 0
51 60 1
52 60 0
53 60 1
54 60 0
55 60 0
56 60 0
57 60 0
58 60 1
59 60 -1
60 60 0
61 60 0
61 59 0
62 59 0
63 59 0
0 59 0
1 59 0
2 59 0
3 59 0
4 59 0
5 59 0
6 59 0
7 59 0
8 59 0
9 59 0
10 59 0
11 59 0
12 59 1
13 59 0
14 59 0
15 59 0
16 59 0
17 59 0
18 59 0
19 59 0
20 59 0
21 59 -1
22 59 0
23 59 0
24 59 0
25 59 0
26 59 1
27 59 0
28 59 0
29 59 0
30 59 0
31 59 0
32 59 0
33 59 0
34 59 0
35 59 0
36 59 0
37 59 -1
38 59 0
39 59 0
40 59 0
41 59 0
42 59 0
43 59 0
44 59 0
45 59 0
46 59 0
47 59 0
48 59 0
49 59 0
50 59 1
51 59 1
52 59 0
53 59 1
54 59 0
55 59 -1
56 59 0
57 59 0
58 59 0
59 59 0
60 59 0
60 58 -1
61 58 0
62 58 0
63 58 1
0 58 0
1 58 1
2 58 0
3 58 0
4 58 0
5 58 0
6 58 0
7 58 0
8 58 1
9 58 0
10 58 0
11 58 -1
12 58 0
13 58 -1
14 58 0
15 58 0
16 58 -1
17 58 0
18 58 0
19 58 0
20 58 -1
21 58 0
22 58 -1
23 58 0
24 58 0
25 58 0
26 58 0
27 58 0
28 58 0
29 58 0
30 58 -1
31 58 0
32 58 0
33 58 0
34 58 0
35 58 0
36 58 0
37 58 0
38 58 0
39 58 0
40 58 1
41 58 0
42 58 0
43 58 1
44 58 -1
45 58 0
46 58 0
47 58 0
48 58 0
49 58 0
50 58 0
51 58 0
52 58 0
53 58 0
54 58 0
55 58 -1
56 58 0
57 58 0
58 58 0
59 58 0
59 57 0
60 57 1
61 57 0
62 57 0
63 57 0
0 57 0
1 57 0
2 57 0
3 57 0
4 57 0
5 57 0
6 57 -1
7 57 0
8 57 0
9 57 0
10 57 0
11 57 0
12 57 0
13 57 0
14 57 0
15 57 0
16 57 0
17 57 0
18 57 1
19 57 -1
20 57 0
21 57 0
22 57 0
23 57 -1
24 57 0
25 57 0
26 57 0
27 57 0
28 57 0
29 57 0
30 57 1
31 57 0
32 57 0
33 57 -1
34 57 0
35 57 0
36 57 0
37 57 0
38 57 0
39 57 -1
40 57 0
41 57 0
42 57 -1
43 57 0
44 57 0
45 57 0
46 57 0
47 57 0
48 57 0
49 57 0
50 57 0
51 57 0
52 57 0
53 57 0
54 57 0
55 57 1
56 57 0
57 57 0
58 57 0
58 56 0
59 56 0
60 56 0
61 56 0
62 56 0
63 56 0
0 56 0
1 56 0
2 56 0
3 56 0
4 56 0
5 56 0
6 56 0
7 56 0
8 56 0
9 56 0
10 56 1
11 56 0
12 56 0
13 56 0
14 56 0
15 56 0
16 56 0
17 56 -1
18 56 0
19 56 0
20 56 -1
21 56 0
22 56 0
23 56 1
24 56 0
25 56 0
26 56 0
27 56 0
28 56 0
29 56 0
30 56 0
31 56 0
32 56 0
33 56 1
34 56 -1
35 56 0
36 56 -1
37 56 0
38 56 0
39 56 0
40 56 1
41 56 0
42 56 1
43 56 0
44 56 0
45 56 -1
46 56 1
47 56 0
48 56 0
49 56 -1
50 56 0
51 56 -1
52 56 0
53 56 0
54 56 0
55 56 0
56 56 1
57 56 0
57 55 0
58 55 0
59 55 1
60 55 0
61 55 0
62 55 0
63 55 0
0 55 0
1 55 0
2 55 0
3 55 0
4 55 0
5 55 0
6 55 0
7 55 0
8 55 0
9 55 0
10 55 1
11 55 0
12 55 1
13 55 0
14 55 0
15 55 0
16 55 0
17 55 0
18 55 0
19 55 0
20 55 0
21 55 0
22 55 0
23 55 -1
24 55 0
25 55 0
26 55 0
27 55 0
28 55 0
29 55 0
30 55 -1
31 55 0
32 55 0
33 55 1
34 55 -1
35 55 0
36 55 0
37 55 -1
38 55 0
39 55 0
40 55 -1
41 55 0
42 55 -1
43 55 0
44 55 0
45 55 0
46 55 0
47 55 0
48 55 0
49 55 0
50 55 0
51 55 0
52 55 0
53 55 -1
54 55 0
55 55 0
56 55 -1
56 54 1
57 54 0
58 54 -1
59 54 0
60 54 1
61 54 0
62 54 1
63 54 0
0 54 0
1 54 0
2 54 0
3 54 0
4 54 0
5 54 -1
6 54 1
7 54 0
8 54 -1
9 54 0
10 54 0
11 54 0
12 54 0
13 54 1
14 54 0
15 54 0
16 54 0
17 54 0
18 54 0
19 54 0
20 54 0
21 54 0
22 54 0
23 54 0
24 54 -1
25 54 0
26 54 0
27 54 1
28 54 0
29 54 0
30 54 -1
31 54 0
32 54 -1
33 54 1
34 54 0
35 54 0
36 54 0
37 54 0
38 54 -1
39 54 0
40 54 0
41 54 0
42 54 1
43 54 0
44 54 0
45 54 0
46 54 0
47 54 0
48 54 0
49 54 1
50 54 -1
51 54 0
52 54 1
53 54 0
54 54 0
55 54 1
55 53 0
56 53 0
57 53 1
58 53 0
59 53 0
60 53 0
61 53 0
62 53 -1
63 53 -1
0 53 0
1 53 0
2 53 -1
3 53 -1
4 53 0
5 53 0
6 53 -1
7 53 0
8 53 0
9 53 0
10 53 0
11 53 0
12 53 0
13 53 0
14 53 0
15 53 0
16 53 0
17 53 0
18 53 1
19 53 0
20 53 0
21 53 0
22 53 0
23 53 0
24 53 0
25 53 0
26 53 0
27 53 0
28 53 -1
29 53 0
30 53 1
31 53 0
32 53 -1
33 53 -1
34 53 0
35 53 0
36 53 0
37 53 0
38 53 0
39 53 0
40 53 0
41 53 0
42 53 0
43 53 0
44 53 0
45 53 0
46 53 1
47 53 0
48 53 0
49 53 0
50 53 1
51 53 0
52 53 0
53 53 0
54 53 0
54 52 0
55 52 0
56 52 0
57 52 -1
58 52 0
59 52 0
60 52 0
61 52 0
62 52 0
63 52 -1
0 52 0
1 52 0
2 52 0
3 52 0
4 52 0
5 52 0
6 52 0
7 52 1
8 52 -1
9 52 0
10 52 0
11 52 0
12 52 0
13 52 0
14 52 0
15 52 0
16 52 0
17 52 0
18 52 0
19 52 0
20 52 0
21 52 0
22 52 0
23 52 0
24 52 0
25 52 0
26 52 0
27 52 0
28 52 0
29 52 0
30 52 0
31 52 0
32 52 0
33 52 0
34 52 0
35 52 0
36 52 -1
37 52 0
38 52 0
39 52 0
40 52 0
41 52 0
42 52 0
43 52 0
44 52 0
45 52 0
46 52 0
47 52 0
48 52 0
49 52 0
50 52 0
51 52 0
52 52 0
53 52 0
53 51 0
54 51 0
55 51 1
56 51 0
57 51 1
58 51 0
59 51 1
60 51 0
61 51 0
62 51 0
63 51 0
0 51 0
1 51 0
2 51 -1
3 51 0
4 51 1
5 51 0
6 51 0
7 51 0
8 51 0
9 51 1
10 51 0
11 51 0
12 51 0
13 51 -1
14 51 0
15 51 0
16 51 1
17 51 0
18 51 0
19 51 0
20 51 0
21 51 0
22 51 0
23 51 0
24 51 0
25 51 0
26 51 0
27 51 0
28 51 0
29 51 0
30 51 0
31 51 -1
32 51 0
33 51 0
34 51 1
35 51 0
36 51 0
37 51 1
38 51 1
39 51 0
40 51 1
41 51 1
42 51 0
43 51 0
44 51 0
45 51 0
46 51 0
47 51 0
48 51 0
49 51 0
50 51 -1
51 51 0
52 51 0
52 50 0
53 50 0
54 50 -1
55 50 0
56 50 1
57 50 0
58 50 -1
59 50 0
60 50 0
61 50 0
62 50 0
63 50 0
0 50 0
1 50 -1
2 50 0
3 50 -1
4 50 0
5 50 0
6 50 0
7 50 0
8 50 0
9 50 -1
10 50 1
11 50 1
12 50 -1
13 50 0
14 50 0
15 50 0
16 50 0
17 50 0
18 50 1
19 50 0
20 50 0
21 50 1
22 50 1
23 50 0
24 50 0
25 50 0
26 50 0
27 50 0
28 50 0
29 50 0
30 50 0
31 50 0
32 50 0
33 50 0
34 50 0
35 50 1
36 50 0
37 50 0
38 50 0
39 50 0
40 50 0
41 50 0
42 50 0
43 50 -1
44 50 0
45 50 0
46 50 0
47 50 0
48 50 -1
49 50 0
50 50 0
51 50 0
51 49 0
52 49 1
53 49 0
54 49 0
55 49 0
56 49 0
57 49 0
58 49 0
59 49 0
60 49 0
61 49 0
62 49 0
63 49 0
0 49 0
1 49 0
2 49 1
3 49 0
4 49 1
5 49 0
6 49 0
7 49 0
8 49 0
9 49 1
10 49 0
11 49 -1
12 49 0
13 49 0
14 49 0
15 49 0
16 49 1
17 49 0
18 49 -1
19 49 0
20 49 1
21 49 0
22 49 0
23 49 -1
24 49 0
25 49 -1
26 49 0
27 49 0
28 49 0
29 49 0
30 49 0
31 49 0
32 49 0
33 49 1
34 49 0
35 49 -1
36 49 0
37 49 0
38 49 -1
39 49 0
40 49 -1
41 49 1
42 49 0
43 49 -1
44 49 -1
45 49 -1
46 49 0
47 49 0
48 49 0
49 49 0
50 49 0
50 48 0
51 48 1
52 48 0
53 48 1
54 48 0
55 48 -1
56 48 0
57 48 0
58 48 -1
59 48 0
60 48 0
61 48 0
62 48 0
63 48 0
0 48 0
1 48 0
2 48 1
3 48 0
4 48 0
5 48 1
6 48 0
7 48 0
8 48 0
9 48 0
10 48 0
11 48 0
12 48 0
13 48 0
14 48 0
15 48 0
16 48 0
17 48 -1
18 48 0
19 48 0
20 48 0
21 48 0
22 48 0
23 48 0
24 48 -1
25 48 0
26 48 0
27 48 0
28 48 0
29 48 -1
30 48 0
31 48 0
32 48 0
33 48 0
34 48 0
35 48 0
36 48 -1
37 48 0
38 48 0
39 48 0
40 48 1
41 48 1
42 48 0
43 48 0
44 48 0
45 48 0
46 48 0
47 48 0
48 48 0
49 48 0
49 47 0
50 47 0
51 47 0
52 47 0
53 47 1
54 47 1
55 47 0
56 47 0
57 47 0
58 47 -1
59 47 0
60 47 0
61 47 0
62 47 0
63 47 1
0 47 0
1 47 0
2 47 0
3 47 0
4 47 1
5 47 0
6 47 0
7 47 0
8 47 0
9 47 0
10 47 0
11 47 1
12 47 1
13 47 0
14 47 1
15 47 0
16 47 0
17 47 0
18 47 0
19 47 0
20 47 0
21 47 0
22 47 0
23 47 0
24 47 0
25 47 0
26 47 0
27 47 0
28 47 -1
29 47 -1
30 47 0
31 47 -1
32 47 0
33 47 0
34 47 0
35 47 0
36 47 0
37 47 0
38 47 0
39 47 0
40 47 -1
41 47 0
42 47 0
43 47 0
44 47 0
45 47 0
46 47 0
47 47 0
48 47 -1
48 46 0
49 46 0
50 46 1
51 46 0
52 46 0
53 46 -1
54 46 0
55 46 -1
56 46 0
57 46 0
58 46 0
59 46 0
60 46 0
61 46 0
62 46 0
63 46 0
0 46 0
1 46 0
2 46 0
3 46 0
4 46 1
5 46 0
6 46 0
7 46 0
8 46 0
9 46 1
10 46 0
11 46 0
12 46 0
13 46 1
14 46 0
15 46 -1
16 46 -1
17 46 0
18 46 1
19 46 0
20 46 0
21 46 0
22 46 0
23 46 -1
24 46 0
25 46 0
26 46 0
27 46 0
28 46 0
29 46 0
30 46 0
31 46 0
32 46 0
33 46 -1
34 46 0
35 46 0
36 46 -1
37 46 0
38 46 0
39 46 -1
40 46 0
41 46 -1
42 46 0
43 46 0
44 46 0
45 46 -1
46 46 1
47 46 0
47 45 0
48 45 0
49 45 0
50 45 0
51 45 0
52 45 0
53 45 -1
54 45 0
55 45 0
56 45 0
57 45 -1
58 45 0
59 45 0
60 45 0
61 45 0
62 45 1
63 45 1
0 45 0
1 45 0
2 45 0
3 45 0
4 45 0
5 45 0
6 45 0
7 45 0
8 45 0
9 45 0
10 45 0
11 45 0
12 45 1
13 45 -1
14 45 0
15 45 1
16 45 0
17 45 0
18 45 0
19 45 0
20 45 0
21 45 0
22 45 1
23 45 -1
24 45 0
25 45 0
26 45 0
27 45 0
28 45 0
29 45 -1
30 45 0
31 45 0
32 45 1
33 45 1
34 45 0
35 45 0
36 45 0
37 45 0
38 45 0
39 45 0
40 45 0
41 45 0
42 45 0
43 45 0
44 45 0
45 45 0
46 45 1
46 44 -1
47 44 0
48 44 0
49 44 -1
50 44 0
51 44 0
52 44 0
53 44 -1
54 44 0
55 44 0
56 44 -1
57 44 0
58 44 0
59 44 0
60 44 0
61 44 0
62 44 0
63 44 0
0 44 0
1 44 0
2 44 1
3 44 1
4 44 1
5 44 0
6 44 1
7 44 -1
8 44 0
9 44 0
10 44 0
11 44 0
12 44 0
13 44 1
14 44 0
15 44 0
16 44 0
17 44 0
18 44 0
19 44 0
20 44 0
21 44 -1
22 44 0
23 44 0
24 44 0
25 44 0
26 44 1
27 44 0
28 44 0
29 44 -1
30 44 1
31 44 0
32 44 -1
33 44 0
34 44 -1
35 44 0
36 44 1
37 44 -1
38 44 0
39 44 0
40 44 0
41 44 0
42 44 0
43 44 0
44 44 0
45 44 0
45 43 0
46 43 1
47 43 0
48 43 0
49 43 0
50 43 0
51 43 0
52 43 -1
53 43 0
54 43 0
55 43 0
56 43 0
57 43 0
58 43 0
59 43 0
60 43 0
61 43 0
62 43 0
63 43 0
0 43 0
1 43 -1
2 43 0
3 43 0
4 43 0
5 43 -1
6 43 0
7 43 0
8 43 1
9 43 0
10 43 0
11 43 1
12 43 -1
13 43 0
14 43 0
15 43 -1
16 43 0
17 43 0
18 43 0
19 43 -1
20 43 1
21 43 0
22 43 0
23 43 1
24 43 0
25 43 0
26 43 0
27 43 0
28 43 0
29 43 0
30 43 0
31 43 0
32 43 1
33 43 0
34 43 -1
35 43 0
36 43 1
37 43 0
38 43 0
39 43 1
40 43 0
41 43 0
42 43 -1
43 43 0
44 43 0
44 42 0
45 42 0
46 42 1
47 42 0
48 42 -1
49 42 0
50 42 0
51 42 0
52 42 0
53 42 -1
54 42 0
55 42 -1
56 42 0
57 42 0
58 42 0
59 42 0
60 42 0
61 42 0
62 42 0
63 42 0
0 42 -1
1 42 0
2 42 0
3 42 0
4 42 1
5 42 0
6 42 0
7 42 0
8 42 0
9 42 0
10 42 0
11 42 0
12 42 0
13 42 0
14 42 0
15 42 0
16 42 0
17 42 0
18 42 0
19 42 0
20 42 0
21 42 0
22 42 0
23 42 0
24 42 0
25 42 0
26 42 -1
27 42 0
28 42 0
29 42 0
30 42 0
31 42 -1
32 42 0
33 42 0
34 42 0
35 42 0
36 42 0
37 42 1
38 42 0
39 42 0
40 42 0
41 42 0
42 42 0
43 42 -1
43 41 0
44 41 0
45 41 0
46 41 0
47 41 0
48 41 1
49 41 0
50 41 0
51 41 -1
52 41 0
53 41 0
54 41 0
55 41 1
56 41 0
57 41 0
58 41 0
59 41 0
60 41 0
61 41 0
62 41 0
63 41 0
0 41 0
1 41 0
2 41 0
3 41 0
4 41 0
5 41 0
6 41 1
7 41 0
8 41 0
9 41 0
10 41 0
11 41 -1
12 41 0
13 41 0
14 41 0
15 41 0
16 41 0
17 41 0
18 41 0
19 41 0
20 41 0
21 41 0
22 41 0
23 41 0
24 41 0
25 41 0
26 41 0
27 41 0
28 41 0
29 41 0
30 41 0
31 41 0
32 41 0
33 41 0
34 41 0
35 41 0
36 41 -1
37 41 0
38 41 0
39 41 0
40 41 0
41 41 0
42 41 0
42 40 -1
43 40 0
44 40 0
45 40 0
46 40 0
47 40 0
48 40 0
49 40 0
50 40 0
51 40 0
52 40 0
53 40 -1
54 40 0
55 40 1
56 40 0
57 40 -1
58 40 -1
59 40 -1
60 40 0
61 40 0
62 40 0
63 40 -1
0 40 0
1 40 0
2 40 1
3 40 0
4 40 0
5 40 0
6 40 0
7 40 -1
8 40 0
9 40 -1
10 40 0
11 40 0
12 40 0
13 40 0
14 40 0
15 40 1
16 40 0
17 40 0
18 40 1
19 40 0
20 40 0
21 40 0
22 40 0
23 40 0
24 40 0
25 40 0
26 40 0
27 40 0
28 40 0
29 40 0
30 40 0
31 40 0
32 40 0
33 40 0
34 40 0
35 40 0
36 40 0
37 40 0
38 40 0
39 40 0
40 40 0
41 40 0
41 39 0
42 39 0
43 39 0
44 39 0
45 39 0
46 39 0
47 39 0
48 39 0
49 39 0
50 39 0
51 39 0
52 39 0
53 39 1
54 39 0
55 39 0
56 39 0
57 39 0
58 39 0
59 39 0
60 39 0
61 39 0
62 39 0
63 39 0
0 39 0
1 39 0
2 39 1
3 39 0
4 39 0
5 39 0
6 39 0
7 39 0
8 39 0
9 39 0
10 39 0
11 39 0
12 39 0
13 39 0
14 39 0
15 39 -1
16 39 0
17 39 0
18 39 1
19 39 0
20 39 0
21 39 0
22 39 0
23 39 0
24 39 0
25 39 -1
26 39 0
27 39 0
28 39 1
29 39 1
30 39 0
31 39 0
32 39 0
33 39 0
34 39 0
35 39 0
36 39 0
37 39 0
38 39 -1
39 39 0
40 39 0
40 38 0
41 38 0
42 38 0
43 38 0
44 38 0
45 38 0
46 38 0
47 38 0
48 38 0
49 38 1
50 38 0
51 38 0
52 38 0
53 38 0
54 38 1
55 38 0
56 38 0
57 38 0
58 38 0
59 38 0
60 38 -1
61 38 0
62 38 0
63 38 -1
0 38 1
1 38 0
2 38 0
3 38 -1
4 38 1
5 38 0
6 38 0
7 38 1
8 38 0
9 38 -1
10 38 0
11 38 0
12 38 0
13 38 0
14 38 -1
15 38 0
16 38 0
17 38 0
18 38 1
19 38 -1
20 38 -1
21 38 0
22 38 1
23 38 0
24 38 0
25 38 0
26 38 0
27 38 -1
28 38 -1
29 38 0
30 38 1
31 38 -1
32 38 0
33 38 0
34 38 0
35 38 0
36 38 0
37 38 0
38 38 0
39 38 0
39 37 0
40 37 0
41 37 0
42 37 0
43 37 0
44 37 0
45 37 0
46 37 1
47 37 0
48 37 0
49 37 0
50 37 0
51 37 0
52 37 0
53 37 0
54 37 0
55 37 0
56 37 0
57 37 0
58 37 0
59 37 1
60 37 -1
61 37 0
62 37 0
63 37 -1
0 37 0
1 37 0
2 37 0
3 37 0
4 37 1
5 37 0
6 37 0
7 37 0
8 37 0
9 37 0
10 37 0
11 37 0
12 37 0
13 37 0
14 37 0
15 37 0
16 37 1
17 37 0
18 37 0
19 37 0
20 37 0
21 37 -1
22 37 1
23 37 0
24 37 0
25 37 0
26 37 0
27 37 0
28 37 0
29 37 1
30 37 0
31 37 0
32 37 0
33 37 0
34 37 0
35 37 0
36 37 0
37 37 0
38 37 0
38 36 0
39 36 0
40 36 0
41 36 -1
42 36 0
43 36 0
44 36 0
45 36 -1
46 36 0
47 36 0
48 36 0
49 36 0
50 36 0
51 36 1
52 36 0
53 36 0
54 36 0
55 36 1
56 36 0
57 36 1
58 36 0
59 36 0
60 36 0
61 36 0
62 36 -1
63 36 0
0 36 0
1 36 0
2 36 0
3 36 0
4 36 1
5 36 0
6 36 0
7 36 0
8 36 1
9 36 0
10 36 -1
11 36 0
12 36 0
13 36 1
14 36 -1
15 36 0
16 36 0
17 36 0
18 36 0
19 36 0
20 36 0
21 36 1
22 36 0
23 36 0
24 36 0
25 36 0
26 36 -1
27 36 0
28 36 -1
29 36 0
30 36 -1
31 36 0
32 36 0
33 36 0
34 36 -1
35 36 0
36 36 0
37 36 -1
37 35 0
38 35 0
39 35 0
40 35 0
41 35 0
42 35 0
43 35 0
44 35 0
45 35 0
46 35 0
47 35 0
48 35 0
49 35 0
50 35 0
51 35 0
52 35 0
53 35 -1
54 35 0
55 35 0
56 35 0
57 35 0
58 35 0
59 35 0
60 35 0
61 35 0
62 35 0
63 35 0
0 35 0
1 35 0
2 35 0
3 35 0
4 35 -1
5 35 0
6 35 0
7 35 0
8 35 0
9 35 0
10 35 0
11 35 0
12 35 0
13 35 0
14 35 0
15 35 0
16 35 0
17 35 0
18 35 0
19 35 0
20 35 0
21 35 0
22 35 0
23 35 0
24 35 1
25 35 0
26 35 0
27 35 0
28 35 0
29 35 0
30 35 0
31 35 0
32 35 0
33 35 0
34 35 0
35 35 0
36 35 0
36 34 1
37 34 0
38 34 0
39 34 0
40 34 0
41 34 0
42 34 0
43 34 0
44 34 0
45 34 0
46 34 0
47 34 0
48 34 0
49 34 0
50 34 0
51 34 0
52 34 0
53 34 0
54 34 0
55 34 -1
56 34 0
57 34 0
58 34 0
59 34 0
60 34 0
61 34 0
62 34 0
63 34 0
0 34 0
1 34 0
2 34 0
3 34 0
4 34 0
5 34 0
6 34 -1
7 34 1
8 34 1
9 34 0
10 34 0
11 34 0
12 34 0
13 34 0
14 34 0
15 34 0
16 34 0
17 34 0
18 34 0
19 34 -1
20 34 0
21 34 0
22 34 1
23 34 -1
24 34 0
25 34 -1
26 34 -1
27 34 -1
28 34 0
29 34 -1
30 34 0
31 34 0
32 34 0
33 34 0
34 34 0
35 34 0
35 33 0
36 33 0
37 33 0
38 33 0
39 33 0
40 33 0
41 33 0
42 33 0
43 33 0
44 33 0
45 33 -1
46 33 0
47 33 0
48 33 0
49 33 1
50 33 0
51 33 0
52 33 0
53 33 0
54 33 1
55 33 0
56 33 0
57 33 0
58 33 0
59 33 0
60 33 0
61 33 1
62 33 0
63 33 0
0 33 0
1 33 0
2 33 0
3 33 0
4 33 0
5 33 0
6 33 0
7 33 0
8 33 0
9 33 0
10 33 0
11 33 0
12 33 0
13 33 0
14 33 0
15 33 -1
16 33 0
17 33 0
18 33 0
19 33 0
20 33 0
21 33 0
22 33 0
23 33 0
24 33 0
25 33 0
26 33 0
27 33 0
28 33 0
29 33 0
30 33 1
31 33 0
32 33 0
33 33 0
34 33 -1
34 32 -1
35 32 0
36 32 0
37 32 0
38 32 0
39 32 0
40 32 0
41 32 0
42 32 0
43 32 0
44 32 0
45 32 0
46 32 1
47 32 0
48 32 0
49 32 0
50 32 0
51 32 0
52 32 0
53 32 0
54 32 0
55 32 0
56 32 0
57 32 0
58 32 0
59 32 0
60 32 -1
61 32 0
62 32 0
63 32 0
0 32 0
1 32 -1
2 32 0
3 32 -1
4 32 0
5 32 0
6 32 0
7 32 0
8 32 0
9 32 1
10 32 0
11 32 0
12 32 0
13 32 0
14 32 0
15 32 0
16 32 1
17 32 0
18 32 0
19 32 0
20 32 0
21 32 0
22 32 0
23 32 1
24 32 0
25 32 -1
26 32 1
27 32 0
28 32 0
29 32 0
30 32 0
31 32 0
32 32 0
33 32 0
33 31 1
34 31 0
35 31 0
36 31 0
37 31 0
38 31 0
39 31 1
40 31 -1
41 31 0
42 31 1
43 31 0
44 31 1
45 31 0
46 31 0
47 31 0
48 31 0
49 31 0
50 31 1
51 31 0
52 31 -1
53 31 0
54 31 0
55 31 0
56 31 -1
57 31 0
58 31 0
59 31 0
60 31 0
61 31 0
62 31 0
63 31 1
0 31 0
1 31 0
2 31 0
3 31 0
4 31 0
5 31 0
6 31 -1
7 31 0
8 31 0
9 31 0
10 31 0
11 31 0
12 31 1
13 31 0
14 31 0
15 31 0
16 31 0
17 31 0
18 31 0
19 31 0
20 31 1
21 31 0
22 31 0
23 31 0
24 31 0
25 31 0
26 31 0
27 31 0
28 31 0
29 31 0
30 31 0
31 31 0
32 31 0
32 30 1
33 30 0
34 30 0
35 30 0
36 30 0
37 30 0
38 30 0
39 30 0
40 30 0
41 30 0
42 30 0
43 30 0
44 30 -1
45 30 0
46 30 0
47 30 0
48 30 0
49 30 0
50 30 -1
51 30 0
52 30 0
53 30 0
54 30 0
55 30 1
56 30 0
57 30 0
58 30 0
59 30 -1
60 30 0
61 30 0
62 30 -1
63 30 0
0 30 0
1 30 0
2 30 -1
3 30 0
4 30 0
5 30 0
6 30 0
7 30 0
8 30 1
9 30 0
10 30 1
11 30 0
12 30 0
13 30 1
14 30 0
15 30 0
16 30 0
17 30 0
18 30 0
19 30 0
20 30 0
21 30 0
22 30 0
23 30 1
24 30 1
25 30 1
26 30 0
27 30 0
28 30 0
29 30 0
30 30 -1
31 30 0
31 29 0
32 29 0
33 29 -1
34 29 0
35 29 0
36 29 0
37 29 0
38 29 0
39 29 0
40 29 0
41 29 0
42 29 0
43 29 0
44 29 0
45 29 0
46 29 0
47 29 0
48 29 0
49 29 0
50 29 0
51 29 0
52 29 0
53 29 0
54 29 0
55 29 0
56 29 -1
57 29 0
58 29 0
59 29 0
60 29 0
61 29 0
62 29 0
63 29 0
0 29 -1
1 29 1
2 29 0
3 29 0
4 29 0
5 29 0
6 29 -1
7 29 0
8 29 0
9 29 -1
10 29 0
11 29 0
12 29 0
13 29 0
14 29 0
15 29 0
16 29 0
17 29 0
18 29 0
19 29 1
20 29 -1
21 29 -1
22 29 0
23 29 0
24 29 0
25 29 0
26 29 0
27 29 -1
28 29 0
29 29 0
30 29 0
30 28 0
31 28 0
32 28 0
33 28 0
34 28 1
35 28 0
36 28 0
37 28 1
38 28 0
39 28 0
40 28 0
41 28 0
42 28 0
43 28 0
44 28 1
45 28 -1
46 28 0
47 28 0
48 28 0
49 28 0
50 28 0
51 28 1
52 28 0
53 28 0
54 28 0
55 28 0
56 28 -1
57 28 1
58 28 0
59 28 1
60 28 0
61 28 0
62 28 0
63 28 0
0 28 0
1 28 0
2 28 0
3 28 0
4 28 0
5 28 0
6 28 1
7 28 0
8 28 0
9 28 1
10 28 0
11 28 0
12 28 0
13 28 0
14 28 0
15 28 0
16 28 0
17 28 -1
18 28 0
19 28 0
20 28 0
21 28 0
22 28 0
23 28 0
24 28 0
25 28 0
26 28 0
27 28 -1
28 28 0
29 28 0
29 27 0
30 27 0
31 27 0
32 27 0
33 27 0
34 27 0
35 27 1
36 27 0
37 27 0
38 27 0
39 27 0
40 27 -1
41 27 0
42 27 0
43 27 0
44 27 0
45 27 1
46 27 0
47 27 0
48 27 0
49 27 0
50 27 0
51 27 1
52 27 0
53 27 0
54 27 0
55 27 0
56 27 -1
57 27 0
58 27 0
59 27 0
60 27 0
61 27 0
62 27 0
63 27 0
0 27 0
1 27 1
2 27 0
3 27 0
4 27 0
5 27 0
6 27 0
7 27 0
8 27 0
9 27 0
10 27 0
11 27 0
12 27 0
13 27 0
14 27 0
15 27 0
16 27 0
17 27 0
18 27 0
19 27 0
20 27 1
21 27 0
22 27 -1
23 27 0
24 27 0
25 27 1
26 27 0
27 27 0
28 27 0
11